0 0.523852657004831 0.9934299954689624 0.07306763285024155 0.013140009062075216
0 0.029891304347826088 0.8269143633892161 0.030797101449275364 0.016311735387403714
0 0.019021739130434784 0.6703670140462166 0.03804347826086957 0.06751246035342093
0 0.033816425120772944 0.5774807430901676 0.06763285024154589 0.04666968735840508
0 0.2992149758454106 0.694381513366561 0.2288647342995169 0.3638423198912551
0 0.9338768115942029 0.2154508382419574 0.1286231884057971 0.12188491164476666
0 0.07216183574879227 0.28454916175804257 0.14432367149758454 0.33348436792025377
0 0.3647342995169082 0.4660172179429089 0.36594202898550726 0.9293158133212506
0 0.669987922705314 0.00792931581332125 0.058574879227053143 0.0158586316266425
0 0.1089975845410628 0.07498867240598096 0.14190821256038647 0.14997734481196193
