0 0.65920245398773 0.8049624927870744 0.03496932515337423 0.0207732256203116
0 0.06257668711656442 0.7163877668782458 0.03680981595092025 0.034045008655510675
0 0.5361963190184049 0.6676283900750144 0.05889570552147239 0.08193883439122908
0 0.9880368098159509 0.5810732833237161 0.02392638036809816 0.03231390652048471
0 0.5322085889570553 0.5461627236006924 0.03865030674846626 0.04789382573571841
0 0.2677914110429448 0.6119446047316792 0.17607361963190185 0.20715522215810733
0 0.8671779141104294 0.5060588574725908 0.15644171779141106 0.16849394114252741
0 0.38098159509202456 0.39440276976341604 0.11288343558282209 0.07328332371609925
0 0.6656441717791411 0.34535487593768033 0.02822085889570552 0.02827466820542412
0 0.6233128834355828 0.030582804385458743 0.07239263803680981 0.061165608770917486
0 0.43282208588957055 0.4293133294864397 0.43374233128834355 0.8586266589728794
