0 0.7333776595744681 0.7801450589301904 0.061170212765957445 0.10244786944696282
0 0.8560505319148937 0.41205802357207616 0.02726063829787234 0.019038984587488667
0 0.44913563829787234 0.4601087941976428 0.12965425531914893 0.1314596554850408
0 0.5804521276595744 0.38168631006346326 0.043882978723404256 0.050770625566636446
0 0.9089095744680851 0.35675430643699 0.041223404255319146 0.02629193109700816
0 0.9860372340425532 0.33363553943789664 0.027925531914893616 0.032638259292837715
0 0.7433510638297872 0.3114233907524932 0.043882978723404256 0.0843155031731641
0 0.6230053191489362 0.2126019945602901 0.031914893617021274 0.033544877606527655
0 0.4428191489361702 0.42021758839528556 0.4441489361702128 0.457842248413418
0 0.8686835106382979 0.19220308250226656 0.03922872340425532 0.06346328195829556
0 0.6379654255319149 0.03445149592021759 0.025930851063829786 0.02901178603807797
